10.2
10.8
12.6
18.0
14.2
12.8
18.6
16.0
18.2
14.8
14.600000000000001
14.0
12.2
16.8
10.6
12.0
16.2
18.8
16.6
10.0
10.2
10.8
12.6
18.0
14.2
12.8
18.6
16.0
18.2
14.8
14.600000000000001
14.0
12.2
16.8
10.6
12.0
16.2
18.8
16.6
10.0
10.2
10.8
12.6
18.0
14.2
12.8
18.6
16.0
18.2
14.8
14.600000000000001
14.0
12.2
16.8
10.6
12.0
16.2
18.8
16.6
10.0
10.2
10.8
12.6
18.0
14.2
12.8
18.6
16.0
18.2
14.8
14.600000000000001
14.0
12.2
16.8
10.6
12.0
16.2
18.8
16.6
10.0
10.2
10.8
12.6
18.0
14.2
12.8
18.6
16.0
18.2
14.8
14.600000000000001
14.0
12.2
16.8
10.6
12.0
16.2
18.8
16.6
10.0
